6.819843486843083724e+01 -7.531285322951296735e+01 5.271293133980522683e+00 2.864600632081923948e-01 5.232208667837143778e-01 3.430644531589971402e-01
9.578190827670862717e+00 -5.633191389270942295e+01 1.106635611894523308e+01 -1.852648546469973123e+00 2.757156559241009663e-01 8.967650161485962723e-02
2.282609089735655630e+02 -6.405699244305715467e+01 2.619621077611372417e+00 -2.070179120450179600e+00 6.095832220022145975e-02 4.280475444001115015e-01
2.762880524107338829e+02 2.990560387204610038e+01 1.024503526064969705e+01 2.675710523677707897e-01 8.322677645738499885e-01 9.088266367775139631e-01
8.228576110896614892e+00 -8.294473472077423537e+01 2.709175763834533512e+00 -7.321267650619027734e-01 7.171029498703676008e-01 8.711150769215644241e-01
1.045923385381392308e+02 4.820781745354324244e+01 1.173609197453476760e+01 7.090327056887080204e-02 9.456609589754331191e-01 6.529012215327959501e-01
1.890514729583849487e+02 -7.559421848479728112e+01 1.110079458038038958e+01 9.730813326474896385e-02 6.485931611578954481e-03 1.700886278170359311e-01
2.617229653279327977e+02 5.796482051584567330e+01 2.057071978207815621e-01 -3.132801050840288148e-01 3.458428641648441104e-01 9.024063117120574296e-01
3.490783050685519129e+02 -2.395812096963226168e+00 9.865201141948613639e+00 -1.658021618533840336e+00 3.914778537067431508e-02 1.692527962524797980e-01
5.866495075291010863e+01 4.333115509506080798e+01 1.101547719355130717e+01 -1.257932115109074322e+00 1.088282969406907386e-01 4.588148151965343313e-02
1.988537958752997099e+02 4.807103765398125006e+00 1.633034733947175132e-01 -1.143051941795306448e+00 2.444738730707429752e-02 5.640477570173868527e-01
2.490926849018657379e+02 1.029670528026990439e+01 8.459419716662601729e+00 -1.477983868848681048e+00 8.030781557409265581e-01 4.305461719049846758e-01
1.631455111001254750e+02 -1.351150052613070329e+01 1.119701510949912127e+01 -1.724345728097046226e+00 9.844807229218711653e-01 1.563614113257411065e-01
2.958493255567594815e+02 -5.389235573244484101e+01 7.994143517703192536e+00 -1.896791084926602977e+00 2.198925791461484591e-01 6.798466582717036522e-01
4.268705306515714426e+01 1.608881254342874456e+01 3.368539928150064089e+00 -8.517992843817139281e-01 9.487416371166788043e-01 7.845014547931439264e-02
1.746845618632121102e+02 1.821206680193205329e+01 9.111582990933680293e+00 -2.061626704123191267e+00 2.833462354564435515e-01 8.819851484412225551e-01
2.673502715243715784e+02 5.708141950908424178e+01 1.200350195855960500e+01 -4.338627915999655471e-01 9.188484166257870900e-02 1.843768343333361814e-01
3.521288683773607886e+02 5.457097576207999623e+01 1.247738679605819812e+01 -1.557460833489425100e+00 5.138453603066283071e-01 9.962072032400854926e-01
1.413851796657406226e+02 -5.451982084001129181e+01 5.158859767497869786e-01 -5.259461762299717513e-01 4.836541345097601363e-01 8.294209041843692010e-01
2.668076872617929780e+02 -9.203347587156798681e+00 7.919696707369147326e+00 -1.817531949502782851e+00 5.180883956847955885e-01 4.219841589201774879e-01
2.998309997005118817e+02 -3.136638433924665748e+01 1.205774467047092813e+01 -6.127254750670050321e-01 4.010658397798894104e-01 3.331801522090815926e-02
2.949369249506114556e+02 5.852566580041286670e+01 7.749298771973765376e+00 4.178195322759687969e-01 6.466147120238485702e-02 1.319681344629395348e-01
3.599738976993077699e+02 -2.576947785066872143e+01 4.541210095117681256e+00 -1.191178233218511906e+00 6.982945230815320592e-01 9.349691149928049949e-01
1.526129568984067362e+02 -3.623378875763880558e+01 5.517121763720139960e+00 -2.333263718652208496e+00 4.379255388382083947e-01 1.260097964367160595e-01
4.298655648224879400e+01 -7.472248055074072681e+01 2.800295289078417404e+00 4.683803133205182156e-01 5.711260577203314259e-02 1.417215145326010672e-01
2.868894285390385903e+02 6.825443027285899689e+01 7.413482988926674011e+00 -1.975675465200203984e+00 7.848967075673315419e-01 7.539909897910568315e-02
3.316327008294870211e+02 -1.375426478565957211e+01 5.064035837023592279e+00 -1.752771060841155748e+00 6.260616188473793198e-01 6.509614731612836103e-01
3.175803963188311485e+01 2.878319226924669749e+01 5.568369156211601556e+00 -1.108978276559690057e+00 2.826035200085252885e-02 1.945290054677899505e-01
4.096821808742352289e+01 2.837204404798083601e+01 1.190604243586249034e+01 -1.097954639837776192e+00 4.503152769599595429e-01 1.179532307755237763e-02
1.144061414760333832e+02 -2.237657626722781856e+01 1.056657606572962482e+00 -8.275307443687416331e-01 4.542189226569371963e-01 4.446943276551182933e-01
3.295135103030565915e+02 7.834764618040352957e+01 5.035039444863014246e+00 -1.576394832709994587e+00 7.265830785039009143e-01 4.058297792492784328e-01
2.414346255229615679e+01 -6.919817433211440516e+01 2.161228579131774907e+00 -1.600496435060621003e+00 4.052327134632747185e-01 8.383481642441559245e-02
2.940714133679371116e+02 7.963785631023648648e+01 1.132160913082038256e+01 2.444024955790404796e-01 1.204864842345105824e-01 8.657453140095062727e-01
1.870873063555688702e+02 4.635755741147244180e+01 7.278203652858550310e-01 1.875924543251041854e-01 2.964440002680615027e-01 1.307419186789618992e-01
2.557092510525792761e+01 1.667482393970038856e+01 1.145997785159141280e+01 -8.910237695532243762e-01 8.557260289245520735e-01 2.658088767121814522e-01
3.128162734422398330e+02 -3.103679545782654259e+00 4.100531691640586729e+00 -1.886097209651360629e-01 8.479506659807986013e-01 3.943948995004608049e-01
3.243841977802070176e+01 -6.788101703492509387e+01 1.899722942358898381e+00 -2.039718703014139045e+00 2.254242189266312257e-01 8.295014119998777025e-01
3.390768570417598085e+02 -2.881905968471396307e+01 5.458568205360788461e+00 -1.900882804356537559e+00 1.319009027910232890e-01 7.305838998852408617e-01
1.368423566901918491e+02 3.992085189737059636e+01 1.215443034446250969e+01 -1.438026003787227891e+00 1.672260980436747202e-01 3.104136746281513926e-01
3.069564514536362054e+01 8.520899166773938305e+01 2.672001362379577971e-02 4.130331103001503301e-01 2.276223127913197253e-01 2.863281096668606196e-01
1.676948768298183836e+02 5.013745098979805448e+01 4.018186460802018800e+00 -7.657965754609823428e-01 3.209671160901548248e-01 7.446359684483594421e-02
2.156164470200421874e+02 1.976704845074411310e+01 1.322758534688312171e+00 -1.400457339518446975e+00 2.531114380120321750e-01 7.432503215225716442e-02
1.601890707432121133e+02 8.914323635426865167e+01 4.909938310291621200e+00 -1.677469431202716077e+00 2.632871014354798422e-01 1.510916071972403518e-01
1.922767351985959579e+02 -6.430771451373485093e+01 1.217379685308486614e+01 -1.487428797354279908e-01 8.476720359354282808e-01 7.012403334435900470e-01
2.026800678308965686e+01 -6.184694925951554012e+01 5.801222457005678734e+00 -4.064401093737410875e-01 2.354078054804055187e-01 4.426803216405894581e-02
3.090902621256784641e+02 -6.078500659277509754e+01 6.264641129859986002e+00 -2.140868795516553291e+00 8.741794356056762361e-01 9.489415110095856809e-01
1.257789210227677046e+02 -3.525042185641545700e+01 4.520997515298507352e+00 -1.770750722309935243e+00 5.592674302526280394e-01 2.548864653941214087e-01
2.742183123456800331e+02 -3.864482261380440065e+01 1.104973214884359578e+01 -2.244585842022126521e-01 3.234387512942105136e-01 8.794264391410755444e-01
1.901897253544210571e+02 6.088480680741216133e+01 9.312856801751342672e+00 -2.307262411320937900e+00 8.968674618937700904e-01 6.189161638661109244e-01
3.117198607212372963e+02 1.964591100897911247e+01 1.081098315375086827e+01 2.579378317299818590e-02 2.946804250527170765e-01 4.237773301999205877e-01
1.993008948889681733e+02 7.886520530377956106e+01 1.372628505098206109e+00 -7.399409768934579468e-01 7.495891340532512270e-02 8.895685718366823647e-01
2.351852007878988786e+02 -6.751355528439053444e+01 5.710641182319848852e+00 4.663351822712451522e-01 4.221590446885858938e-03 4.391834155424924058e-01
3.206581492272455307e+02 -8.741338270963373702e+01 4.742631329225829084e+00 -1.515977152263593641e+00 8.640921509964838432e-01 9.913293543043719680e-01
2.797366047390482890e+02 -8.704176145204750981e+01 1.440353168450368093e+00 -3.556377118206008880e-01 5.581182264882647015e-01 8.817715483248752539e-01
1.130214360096848907e+02 -1.100812276047308558e+01 2.460962238228097121e+00 -5.903681631697190735e-01 3.229684241159079816e-01 4.570586244202886617e-01
1.101427079112641394e+01 4.053727154012815959e+01 5.849408079514842207e+00 3.616427553433507747e-01 1.311190479980057777e-01 8.989183232844937255e-01
3.630912398064608482e+01 -2.837767279312554081e+01 5.588867267624635815e+00 4.119452700471750717e-01 7.191891435997246340e-01 3.520526174859524016e-01
1.988958705362986166e+02 -3.347895375921595473e+00 4.839020900698241867e+00 -7.817518480033349704e-01 5.835445419184587257e-01 7.494140331551454315e-01
1.856773931280948204e+02 -3.163057277305808412e+01 8.206325190848630768e+00 -2.474566844199760141e+00 5.103896602924624659e-01 5.638867557066051805e-01
2.282555178787316379e+02 2.439930840699886971e+00 7.169184118443797438e+00 3.621786713158816617e-01 9.958097414135341774e-01 1.038197592730447649e-01
1.374984879256993793e+02 -7.043977224198002318e+00 1.067564379801889274e+01 -9.404822247897861587e-01 6.698195450652000282e-01 3.175241836210196400e-01
6.045655306620077596e+01 -7.058561994397260264e+01 7.424161787937928914e+00 -9.854380477067308242e-01 4.941871023884902847e-02 8.771540339024399557e-01
1.230404994663578577e+02 -4.506841296587500523e+01 2.735577872578460301e+00 -1.272091918968252244e+00 8.887055960163715573e-01 5.366572831656565290e-01
2.269829290684564285e+02 2.614586696051134140e+01 2.514770250031631793e+00 -2.348042039343344101e+00 6.895661388577072337e-01 9.592953224274136659e-02
9.823321021411054232e+01 -4.776988959925942879e+01 5.962934414124259952e+00 1.512989998899834099e-01 5.599721494598425275e-01 5.459890342075632841e-01
2.432493857345203310e+02 6.238566773155926626e+01 2.693671113899074321e+00 4.136272656139392545e-01 7.811950944304683064e-01 8.298017507584614094e-01
2.826718000346658073e+02 -8.758306902864433141e+01 2.171745599027181672e+00 -9.012775204586422895e-01 2.919131004401354090e-02 1.180406029453804351e-01
3.453931599905408234e+02 -2.899820617199485895e+01 1.304842808453359027e+01 -5.555286687535656576e-01 6.759421608761657652e-01 9.215797768658066103e-01
2.724066823524314032e+02 4.625141598129482645e+01 4.472508886584181553e+00 -1.828153939138432715e+00 9.306270473205433547e-01 5.493581840192091059e-01
2.536301767445046949e+02 1.455737059371371345e+01 2.812508304316684082e+00 -2.174617429881012143e+00 7.937797423672636743e-01 5.929295770743622240e-01
2.988592376268595103e+02 2.976521344911245137e+01 7.522784722729404239e-01 -5.176649653809879403e-01 5.296068689733035573e-02 3.005352327407284641e-03
3.242500858698501247e+02 -7.364061107148884844e+00 3.157209130199502667e+00 -2.616930351685029521e-01 3.804829820056773171e-01 3.682312696813797581e-01
8.813056199532800861e+01 5.976981583445567026e+01 1.052416742100030334e+00 -7.673756129475088894e-01 9.344282482145849222e-02 3.966974488936912957e-01
9.576938168846369592e+01 6.363529723702063734e+01 1.343831863537061855e+00 -1.183617814583777683e+00 4.962235486847772492e-01 6.836086174205073807e-01
1.406615381327698628e+02 -3.779808571458399058e+01 1.090878885087941264e+01 1.255044933753568515e-01 1.715677158233377408e-01 1.223808587417682947e-01
3.040164867042588526e+02 2.831444695506503706e+01 6.054066450518828191e+00 -2.299832887253629554e+00 2.447311986873516032e-01 8.513569168149554001e-01
1.649664277114326438e+01 6.915177928548601471e+01 1.167802136944382596e+01 -2.309866287227935633e+00 6.875284953537419419e-01 8.492140763947635396e-01
1.881509391492445786e+02 5.669543503654068672e+00 6.926194160041680092e+00 4.149910748755676337e-01 9.618008044575978577e-01 6.168853821451086850e-01
1.098869356801298807e+02 -8.806206001011415196e+01 1.284141580083782408e+01 -4.027174164026656733e-01 2.799744845368750124e-01 1.915805522688552864e-01
2.329821016994079912e+02 3.521928127606302894e+01 1.177109452371379916e+01 -6.121699676404359636e-01 5.461470659877281086e-01 8.389589924747686833e-02
1.097211505199575612e+02 3.772381594475231736e+01 1.414709360660869830e+00 -2.593170573607199714e-01 8.735410638163464414e-01 3.005470777374728009e-01
5.979289837895497328e+01 -5.945025010599357529e+01 7.762171675183267006e+00 -1.081904236089483273e+00 8.494125416307007903e-02 7.260764549375865462e-01
2.131494056456908197e+02 7.911791671959136352e+00 2.967300704745471918e-01 -7.369458581640697670e-01 8.616523955096623277e-01 6.552015039782483896e-01
5.766063025227201422e+01 5.706644754915927820e+01 4.496948536884014302e+00 -2.824410918981929974e-01 9.079956043869393811e-01 8.160207283359297570e-01
1.724970243334448696e+02 -8.312250073551876994e+01 1.028246696382761272e+01 -2.003680261115392547e+00 6.301652368738949184e-01 9.251751098255448502e-01
3.572069336186618216e+02 -2.221486948145179952e+01 1.213994343137612120e+01 -1.453240260069740053e+00 3.564041398724481224e-01 3.064988540551091267e-01
2.252296970834020939e+01 -8.280539052948572021e+01 6.583958409577553184e+00 -1.601873178988098445e+00 7.855875849663235266e-01 4.916453930715505294e-01
3.379622243486035700e+02 -8.615101439181700016e+00 1.698349014603429241e+00 -1.687247180495469845e+00 7.659802693769225401e-01 8.369003720498701115e-01
1.528149630277262929e+02 9.335611589257055698e+00 4.302610607433312140e+00 -2.837561390238687586e-01 9.220759965271778658e-01 1.892565676552676601e-01
2.797269930710600079e+02 3.915642185344944437e+01 5.129493093559771566e-01 -1.262475603506094668e+00 2.161033425509177874e-01 6.123352977311498080e-01
1.556794101221701254e+00 -3.717979008988006484e+01 4.550455407995051438e+00 -1.265484425584261441e+00 9.810997349821447555e-01 1.838716299876858029e-01
1.980258461587355043e+02 -7.101605402960151991e+01 4.252325874364873748e+00 -1.629625938929252005e+00 4.701362327969503818e-01 8.284456816446106320e-01
1.969122110831557109e+02 -8.368517691662812297e+01 5.426915718404345945e+00 -1.690584192461409119e+00 8.880812972587870391e-02 2.840222112862311743e-01
3.540903953886914906e+02 -5.826898279257251545e+01 5.991097456402112442e+00 -8.163241311827023061e-01 4.704303173177418751e-01 7.112328867226104245e-01
3.127846402081077031e+02 2.207607833747934478e+01 2.607263936418413586e-03 -1.355609013635537430e+00 7.503329995627499027e-01 3.925354135219351059e-01
8.529020056245815340e+01 -3.265434665522494129e+01 9.369174164340284605e+00 -1.711868943587613767e+00 5.415676701872907950e-01 3.260495835917532892e-01
2.291415835219951589e+02 4.126086242261581560e+01 2.507786175054074196e-01 -1.486772468597072017e+00 5.471475841795718775e-01 8.752027013730080407e-01
1.801399041805097738e+02 -8.505004452556518402e+01 8.674842855261964969e-01 -1.127012970669118541e+00 8.423700904360018615e-01 9.421493880983463631e-01
3.901142049756082741e+01 2.918489384286860400e+01 3.035299006220932849e+00 2.418347907198019620e-01 2.937559249409883444e-01 1.362442175698147517e-01
1.844051035594459051e+02 8.361508837242439540e+00 1.159848299155232887e+01 4.094310567206886908e-01 7.328798297375490600e-01 3.633225617888105052e-01
